0.000000	1.000000	
0.502660	2.000000	
0.913400	3.000000	
0.921720	4.000000	
1.324130	5.000000	
1.332450	6.000000	
1.340770	7.000000	
1.349090	8.000000	
1.734870	9.000000	
1.743190	10.000000	
1.751510	11.000000	
1.759830	12.000000	
1.768150	13.000000	
1.776470	14.000000	
1.784790	15.000000	
1.793110	16.000000	
2.145610	17.000000	
2.153930	18.000000	
2.162250	19.000000	
2.170570	20.000000	
2.178890	20.050000	
2.187210	20.100000	
2.195530	20.150000	
2.203850	20.199000	
2.212170	20.249000	
2.220490	20.298000	
2.228810	20.347000	
2.237130	20.397000	
2.245450	20.446000	
2.253770	20.494000	
2.262090	20.543000	
2.270410	20.592000	
2.556350	20.641000	
2.564670	20.689000	
2.572990	20.737000	
2.581310	20.786000	
2.589630	20.834000	
2.597950	20.882000	
2.606270	20.930000	
2.614590	20.977000	
2.622910	21.025000	
2.631230	21.073000	
2.639550	21.120000	
2.647870	21.167000	
2.656190	21.215000	
2.664510	21.262000	
2.672830	21.309000	
2.681150	21.356000	
2.689470	21.403000	
2.697790	21.449000	
2.706110	21.496000	
2.714430	21.542000	
2.967080	21.589000	
2.975400	21.635000	
2.983720	21.681000	
2.992040	21.727000	
3.000360	21.773000	
3.008680	21.819000	
3.017000	21.865000	
3.025320	21.911000	
3.033640	21.957000	
3.041960	22.002000	
3.050280	22.048000	
3.058600	22.093000	
3.066920	22.138000	
3.075240	22.183000	
3.083560	22.228000	
3.091880	22.273000	
3.100200	22.318000	
3.108520	22.363000	
3.116840	22.408000	
3.125160	22.453000	
3.377820	22.497000	
3.386140	22.542000	
3.394460	22.586000	
3.402780	22.630000	
3.411100	22.674000	
3.419420	22.718000	
3.427740	22.762000	
3.436060	22.806000	
3.444380	22.850000	
3.452700	22.894000	
3.461020	22.938000	
3.469340	22.981000	
3.477660	23.025000	
3.485980	23.068000	
3.494300	23.112000	
3.502620	23.155000	
3.510940	23.198000	
3.519260	23.241000	
3.527580	23.284000	
3.535900	23.327000	
3.788560	23.370000	
3.796880	23.413000	
3.805200	23.455000	
3.813520	23.498000	
3.821840	23.541000	
3.830160	23.583000	
3.838480	23.626000	
3.846800	23.668000	
3.855120	23.710000	
3.863440	23.752000	
3.871760	23.794000	
3.880080	23.836000	
3.888400	23.878000	
3.896720	23.920000	
3.905040	23.962000	
3.913360	24.004000	
3.921680	24.045000	
3.930000	24.087000	
3.938320	24.129000	
3.946640	24.170000	
4.199300	24.211000	
4.207620	24.253000	
4.215940	24.294000	
4.224260	24.335000	
4.232580	24.376000	
4.240900	24.417000	
4.249220	24.458000	
4.257540	24.499000	
4.265860	24.540000	
4.274180	24.581000	
4.282500	24.621000	
4.290820	24.662000	
4.299140	24.702000	
4.307460	24.743000	
4.315780	24.783000	
4.324100	24.824000	
4.332420	24.864000	
4.340740	24.904000	
4.349060	24.944000	
4.357380	24.984000	
4.610030	25.024000	
4.618350	25.064000	
4.626670	25.104000	
4.634990	25.144000	
4.643310	25.184000	
4.651630	25.224000	
4.659950	25.263000	
4.668270	25.303000	
4.676590	25.342000	
4.684910	25.382000	
4.693230	25.421000	
4.701550	25.461000	
4.709870	25.500000	
4.718190	25.539000	
4.726510	25.578000	
4.734830	25.617000	
4.743150	25.656000	
4.751470	25.695000	
4.759790	25.734000	
4.768110	25.773000	
5.020770	25.812000	
5.029090	25.851000	
5.037410	25.889000	
5.045730	25.928000	
5.054050	25.967000	
5.062370	26.005000	
5.070690	26.044000	
5.079010	26.082000	
5.087330	26.120000	
5.095650	26.159000	
5.103970	26.197000	
5.112290	26.235000	
5.120610	26.273000	
5.128930	26.311000	
5.137250	26.349000	
5.145570	26.387000	
5.153890	26.425000	
5.162210	26.463000	
5.170530	26.501000	
5.178850	26.538000	
5.431510	26.576000	
5.439830	26.614000	
5.448150	26.651000	
5.456470	26.689000	
5.464790	26.726000	
5.473110	26.764000	
5.481430	26.801000	
5.489750	26.838000	
5.498070	26.876000	
5.506390	26.913000	
5.514710	26.950000	
5.523030	26.987000	
5.531350	27.024000	
5.539670	27.061000	
5.547990	27.098000	
5.556310	27.135000	
5.564630	27.172000	
5.572950	27.209000	
5.581270	27.245000	
5.589590	27.282000	
5.842240	27.319000	
5.850560	27.355000	
5.858880	27.392000	
5.867200	27.428000	
5.875520	27.465000	
5.883840	27.501000	
5.892160	27.538000	
5.900480	27.574000	
5.908800	27.610000	
5.917120	27.646000	
5.925440	27.683000	
5.933760	27.719000	
5.942080	27.755000	
5.950400	27.791000	
5.958720	27.827000	
5.967040	27.863000	
5.975360	27.899000	
5.983680	27.934000	
5.992000	27.970000	
6.000320	28.006000	
6.252980	28.042000	
6.261300	28.077000	
6.269620	28.113000	
6.277940	28.149000	
6.286260	28.184000	
6.294580	28.220000	
6.302900	28.255000	
6.311220	28.290000	
6.319540	28.326000	
6.327860	28.361000	
6.336180	28.396000	
6.344500	28.432000	
6.352820	28.467000	
6.361140	28.502000	
6.369460	28.537000	
6.377780	28.572000	
6.386100	28.607000	
6.394420	28.642000	
6.403160	28.677000	
6.411060	28.712000	
6.663720	28.747000	
6.672040	28.781000	
6.680360	28.816000	
6.688680	28.851000	
6.697000	28.885000	
6.705320	28.920000	
6.713640	28.955000	
6.721960	28.989000	
6.730280	29.024000	
6.738600	29.058000	
6.746920	29.093000	
6.755240	29.127000	
6.763560	29.161000	
6.771880	29.196000	
6.780200	29.230000	
6.788520	29.264000	
6.796840	29.298000	
6.805160	29.332000	
6.813900	29.366000	
6.822220	29.400000	
7.074460	29.434000	
7.082780	29.468000	
7.091100	29.502000	
7.099420	29.536000	
7.107740	29.570000	
7.116060	29.604000	
7.124380	29.638000	
7.132700	29.671000	
7.141020	29.705000	
7.149340	29.739000	
7.157660	29.772000	
7.165980	29.806000	
7.174300	29.840000	
7.182620	29.873000	
7.190940	29.907000	
7.199260	29.940000	
7.207580	29.973000	
7.215900	30.007000	
7.224640	30.040000	
7.232960	30.073000	
7.672960	1.000000	
10.410740	2.000000	
10.821470	3.000000	
10.829790	4.000000	
11.232210	5.000000	
11.240530	6.000000	
11.248850	7.000000	
11.257170	8.000000	
11.642950	9.000000	
11.651270	10.000000	
11.659590	11.000000	
11.667910	12.000000	
11.676230	13.000000	
11.684550	14.000000	
11.692870	15.000000	
11.701190	16.000000	
12.053690	17.000000	
12.062010	18.000000	
12.070330	19.000000	
12.078650	20.000000	
12.086970	20.050000	
12.095290	20.100000	
12.103610	20.150000	
12.111930	20.199000	
12.120250	20.249000	
12.128570	20.298000	
12.136890	20.347000	
12.145210	20.397000	
12.153530	20.446000	
12.161850	20.494000	
12.170170	20.543000	
12.178490	20.592000	
12.464420	20.641000	
12.472740	20.689000	
12.481060	20.737000	
12.489380	20.786000	
12.497700	20.834000	
12.506020	20.882000	
12.514340	20.930000	
12.522660	20.977000	
12.530980	21.025000	
12.539300	21.073000	
12.547620	21.120000	
12.555940	21.167000	
12.564260	21.215000	
12.572580	21.262000	
12.580900	21.309000	
12.589220	21.356000	
12.597540	21.403000	
12.605860	21.449000	
12.614180	21.496000	
12.622500	21.542000	
12.875160	21.589000	
12.883480	21.635000	
12.891800	21.681000	
12.900120	21.727000	
12.908440	21.773000	
12.916760	21.819000	
12.925080	21.865000	
12.933400	21.911000	
12.941720	21.957000	
12.950040	22.002000	
12.958360	22.048000	
12.966680	22.093000	
12.975000	22.138000	
12.983320	22.183000	
12.991640	22.228000	
12.999960	22.273000	
13.008280	22.318000	
13.016600	22.363000	
13.024920	22.408000	
13.033240	22.453000	
13.285900	22.497000	
13.294220	22.542000	
13.302540	22.586000	
13.310860	22.630000	
13.319180	22.674000	
13.327500	22.718000	
13.335820	22.762000	
13.344140	22.806000	
13.352460	22.850000	
13.360780	22.894000	
13.369100	22.938000	
13.377420	22.981000	
13.385740	23.025000	
13.394060	23.068000	
13.402380	23.112000	
13.410700	23.155000	
13.419020	23.198000	
13.427340	23.241000	
13.435660	23.284000	
13.443980	23.327000	
13.696640	23.370000	
13.704960	23.413000	
13.713280	23.455000	
13.721600	23.498000	
13.729920	23.541000	
13.738240	23.583000	
13.746560	23.626000	
13.754880	23.668000	
13.763200	23.710000	
13.771520	23.752000	
13.779840	23.794000	
13.788160	23.836000	
13.796480	23.878000	
13.804800	23.920000	
13.813120	23.962000	
13.821440	24.004000	
13.829760	24.045000	
13.838080	24.087000	
13.846400	24.129000	
13.854720	24.170000	
14.107370	24.211000	
14.115690	24.253000	
14.124010	24.294000	
14.132330	24.335000	
14.140650	24.376000	
14.148970	24.417000	
14.157290	24.458000	
14.165610	24.499000	
14.173930	24.540000	
14.182250	24.581000	
14.190570	24.621000	
14.198890	24.662000	
14.207210	24.702000	
14.215530	24.743000	
14.223850	24.783000	
14.232170	24.824000	
14.240490	24.864000	
14.248810	24.904000	
14.257130	24.944000	
14.265450	24.984000	
14.518110	25.024000	
14.526430	25.064000	
14.534750	25.104000	
14.543070	25.144000	
14.551390	25.184000	
14.559710	25.224000	
14.568030	25.263000	
14.576350	25.303000	
14.584670	25.342000	
14.592990	25.382000	
14.601470	25.421000	
14.609630	25.461000	
14.617950	25.500000	
14.626270	25.539000	
14.634590	25.578000	
14.642910	25.617000	
14.651230	25.656000	
14.659550	25.695000	
14.667870	25.734000	
14.676190	25.773000	
14.928850	25.812000	
14.937170	25.851000	
14.945490	25.889000	
14.953810	25.928000	
14.962130	25.967000	
14.970450	26.005000	
14.978770	26.044000	
14.987090	26.082000	
14.995410	26.120000	
15.003730	26.159000	
15.012210	26.197000	
15.020530	26.235000	
15.028850	26.273000	
15.037170	26.311000	
15.045490	26.349000	
15.053810	26.387000	
15.062130	26.425000	
15.070450	26.463000	
15.078770	26.501000	
15.087090	26.538000	
15.339590	26.576000	
15.347910	26.614000	
15.356230	26.651000	
15.364550	26.689000	
15.372870	26.726000	
15.381190	26.764000	
15.389510	26.801000	
15.397830	26.838000	
15.406150	26.876000	
15.846150	1.000000	
